FPR	TPR	Threshold
0	0	1
0.01030927835	0.1948051948	0.8727684279
0.03092783505	0.3852813853	0.8703125973
0.05154639175	0.5800865801	0.8672548924
0.05154639175	0.5844155844	0.863043476
0.0618556701	0.7748917749	0.8601434356
0.07051797404	0.929482026	0.8578313343
0.07216494845	0.9588744589	0.8573917317
0.07216494845	0.9696969697	0.8489239768
0.07216494845	0.974025974	0.8390375093
0.07216494845	0.9783549784	0.8361304946
0.07216494845	0.9805194805	0.8338125454
0.07216494845	0.9826839827	0.8304011534
0.0824742268	0.9826839827	0.8227245862
0.0824742268	0.987012987	0.8124567124
0.0824742268	0.9956709957	0.7891282738
0.0824742268	0.9978354978	0.7679633099
0.0824742268	1	0.5554701775
0.09278350515	1	0.2466710601
0.1030927835	1	0.1439311761
0.1134020619	1	0.1254785917
0.1237113402	1	0.1103848791
0.1443298969	1	0.1061976403
0.3092783505	1	0.1025470328
0.3505154639	1	0.101197722
0.3711340206	1	0.0994118138
0.3917525773	1	0.09684465693
0.412371134	1	0.09403229209
0.4432989691	1	0.09228384998
0.5979381443	1	0.09158033866
0.7319587629	1	0.09096091722
0.8659793814	1	0.08964915484
1	1	0
